500 228 163 496 394

422 427 109 45 390 33 30 468 20 218

194 65 385 328 24 99 184 85 79 313 382 48 7 452 112 340 283 354 426 383 292 289 307 166 259 154 412 287 12 306 177 339 106 72 82 449 241 30 455 260 293 245 282 489 420 467 209 199 438 114 303 401 53 460 480 126 308 493 59 60 280 321 319 444 70 476 325 3 390 333 205 57 344 0 198 25 213 100 497 386 240 463 474 73 429 188 490 485 326 329 251 295 360 242 32 392 254 290 352 39

355 386 215 41 69 229 359 186 0 73 390 327 122 252 134 494 349 156 256 329 322 315 71 342 325 406 174 120 65 227 417 42 382 453 214 2 289 147 391 219 400 64 364 142 231 141 380 9 302 421 343 352 335 54 131 336 246 152 411 444 405 236 204 182 197 467 148 452 490 79 284 264 283 427 312 483 241 328 121 194 179 281 481 340 87 441 34 171 95 198 294 498 46 383 98 305 230 196 133 408 433 228 399 74 213 128 301 187 139 170 160 40 244 80 96 353 250 113 88 62 242 473 422 460 360 367 376 175 331 412 291 419 280 16 20 177 66 53 248 477 442 499 237 146 225 285 136 7 195 232 418 276 388 205 474 32 263 454 447 361 398 456 38 410 25 114 381 8 429 211 253 124 316 28 27 1 288 476 407 112 22 493 339 487 449 240 217 488 465 310 371 47 446 19 4 222 151 164 397 52 82 298 117 150 348 255 464 18 183 332 106 180 415 45 455 345 370 321 208 297 132 485 193 338 304 173 155 293 347 163 209 374 480 443 235 282 461 491 29 30 201 402 109 341 184 97 319 212 23 119 445 192 3 238 369 278 118 436 189 165 320 377 85 254 337 270 99 223 413 435 318 58 51 430 76 300 457 334 72 268 384 394 401 249 108 431 414 303 145 458 83 135 323 265 450 395 226 309 39 385 463 277 420 103 259 379 295 333 409 84 287 10 272 393 366 159 403 440 275 426 260 172 202 77 31 273 90 459 188 26 220 130 125 269 55 168 496 48 372 448 15 5 470 365 176 313 200 210 81 482 178 13 33 107 233 274 140 91 389 344 57 60 428 500 292 239 307 299 462 206 158 262 161 185 138 308 451 115 78 191 14 110 92 373 43 94 93 21 416 59 469 36 267 356 466 324 50 6 111 11 44 199 143 137 102 468 24 306 127 330 358 104 144 167 425 471 475 243 432 67 326 35 126 290 224 368 286 149 437 12 271 258 162 438 472 166 245 153 492 396 49 75 86 154 486 116 351 218 129 216 296 357 354 234 362 266 261 247 100 63 181 478 423 484 311 375 37 56 101 257 203 279 378 190 61 17 387 169 105 68 495 251 221 363 404 489 350 314 439 424 497 157 89 479 123 346 207 392 317 70

-5 -2 -1 -4 0

-4 -8 -5 -3 -7 -10 -6 0 -2 -9

-3 -61 -31 -47 -30 -4 -43 -91 -58 -49 -45 -40 -52 -69 -80 -65 -70 -86 -7 -24 -64 -39 0 -75 -89 -9 -5 -46 -42 -71 -6 -26 -11 -73 -68 -37 -85 -55 -1 -19 -59 -8 -10 -17 -41 -23 -36 -13 -60 -82 -87 -38 -28 -14 -83 -18 -76 -81 -50 -54 -77 -53 -72 -84 -74 -88 -21 -57 -2 -97 -56 -66 -48 -33 -93 -96 -20 -90 -27 -98 -94 -51 -35 -95 -92 -12 -44 -100 -62 -16 -78 -99 -79 -22 -32 -67 -63 -34 -29 -15

-201 -354 -151 -5 -369 -81 -73 -263 -125 -215 -344 -211 -323 -340 -342 -398 -154 -475 -28 -473 -132 -205 -220 -325 -394 -70 -116 -237 -134 -184 -44 -385 -500 -85 -86 -171 -179 -175 -350 -149 -46 -443 -431 -35 -172 -22 -20 -309 -176 -75 -8 -157 -91 -224 -231 -29 -105 -401 -240 -210 -178 -90 -168 -347 -315 -58 -459 -242 -133 -360 -38 -261 -397 -230 -493 -482 -48 -418 -259 -471 -93 -128 -41 -375 -357 -204 -328 -214 -311 -329 -316 -378 -112 -462 -71 -77 -264 -216 -275 -382 -405 -258 -301 -399 -351 -498 -453 -426 -102 -129 -143 -469 -78 -406 -194 -313 -228 -17 -119 -283 -188 -268 -377 -208 -54 -19 -282 -123 -158 -95 -97 -441 -487 -291 -57 -371 -243 -277 -146 -255 -461 -233 -27 -483 -437 -139 -330 -160 -152 -13 -267 -76 -53 -428 -98 -221 -109 -451 -212 -376 -425 -34 -353 -463 -15 -396 -312 -355 -390 -9 -489 -470 -273 -68 -245 -150 -256 -331 -67 -14 -138 -336 -153 -197 -346 -276 -281 -2 -191 -404 -217 -300 -439 -254 -432 -113 -334 -196 -234 -314 -466 -108 -266 -23 -247 -177 -339 -26 -118 -49 -94 -310 -40 -452 -363 -295 -164 -417 -186 -200 -140 -130 -352 -302 -270 -445 -83 -492 -321 -265 -202 -477 -107 -430 -141 -438 -16 -494 -365 -47 -400 -422 -380 -260 -458 -368 -100 -248 -236 -491 -454 -287 -435 -395 -111 -292 -162 -120 -203 -485 -297 -288 -262 -317 -306 -62 -374 -209 -285 -479 -3 -63 -199 -436 -324 -25 -442 -388 -189 -289 -379 -249 -465 -193 -497 -411 -1 -226 -207 -24 -144 -121 -366 -327 -142 -167 -163 -348 -103 -159 -457 -88 -31 -52 -410 -117 -155 -386 -122 -367 -446 -413 -148 -450 -21 -181 -455 -496 -415 -106 -343 -56 -495 -161 0 -227 -232 -145 -269 -59 -308 -467 -403 -456 -80 -126 -488 -460 -484 -72 -307 -6 -11 -476 -299 -444 -213 -421 -166 -51 -333 -447 -61 -241 -279 -218 -124 -381 -50 -298 -332 -448 -251 -345 -304 -393 -420 -358 -12 -284 -4 -427 -110 -320 -480 -278 -135 -7 -290 -359 -303 -99 -222 -392 -389 -253 -219 -115 -114 -74 -45 -156 -433 -89 -370 -147 -293 -338 -101 -486 -43 -42 -18 -39 -322 -474 -190 -60 -274 -174 -173 -198 -387 -407 -169 -362 -165 -490 -419 -180 -37 -326 -409 -271 -239 -182 -364 -349 -440 -429 -319 -229 -65 -412 -384 -10 -69 -235 -223 -499 -66 -414 -478 -472 -391 -416 -92 -183 -272 -136 -424 -372 -257 -481 -96 -84 -296 -464 -373 -206 -187 -408 -341 -82 -170 -246 -36 -468 -423 -32 -305 -30 -402 -252 -131 -449 -294 -104 -87 -79 -356 -225 -64 -250 -127 -337 -335 -244 -137 -280 -195 -361 -318 -33 -383 -286 -238 -55 -434 -192

424 -21 -90 287 251 -178 466 253 221 123 203 -392 295 -217 47 33 475 -417 -41 -298 -254 -362 1 -128 77 -384 -135 -172 -54 -367 252 16 220 -96 -405 222 131 90 -357 270 -7 -85 23 115 -418 43 -213 -159 111 226 -195 399 -286 -302 63 163 -225 -14 -276 -102 -271 110 -468 267 462 157 62 -8 -372 -258 340 325 -371 225 380 95 -141 260 54 213 386 -440 -232 -237 357 184 -408 422 -351 347 -226 -218 -470 136 395 -363 -386 119 -28 390 499 303 330 -125 322 354 -1 71 -333 310 48 -250 121 271 -65 -44 -441 59 -100 -186 274 75 -148 336 -202 -95 -33 438 299 -206 392 437 239 -292 -79 -71 359 105 -129 317 469 149 -348 -108 -227 -330 -437 443 -123 -82 321 -84 338 495 449 -143 279 107 313 -216 366 304 -120 420 88 -346 434 431 373 -219 28 134 -57 53 204 130 269 349 318 -472 -131 -355 403 -63 372 -383 129 358 -450 231 66 -51 -447 -402 -449 378 307 41 -317 -105 -81 -474 202 -279 -380 -311 145 -400 -137 -483 -116 -308 -223 133 388 197 -429 32 -285 485 26 -425 -97 -354 250 255 -163 -59 78 135 324 13 486 -349 -169 477 -32 -228 -350 320 -273 137 -340 234 34 162 -278 247 214 -61 -318 -496 -433 -198 -224 228 488 326 25 102 20 291 -413 -435 -130 164 -136 383 263 177 171 -45 -154 -460 208 425 -25 180 -110 103 200 10 198 -229 69 369 -53 -282 355 -104 125 -443 -473 -493 -403 -364 -101 216 56 402 452 -255 278 -15 -476 101 58 450 484 381 -475 -70 209 5 -38 296 430 -281 301 18 -280 -145 496 201 7 453 -139 151 481 114 415 382 341 -239 64 376 82 -18 215 85 421 -358 -151 -365 482 -233 49 235 -231 -422 404 -23 -124 217 487 -118 374 262 400 243 -256 -69 -13 -37 -416 -146 -189 -434 168 126 -448 -257 -361 -58 21 -497 -75 249 342 294 -201 -152 -436 433 8 -455 219 -122 -427 -289 413 -173 343 -287 281 352 113 -161 327 368 360 -235 254 -469 346 174 -10 -411 461 -456 -321 -269 81 223 176 161 -24 -301 470 -390 302 147 -297 -344 -377 -442 491 333 -492 -94 -385 -347 112 -382 122 -165 -359 -428 -491 -67 -166 332 92 276 -465 50 120 76 -451 -275 316 -193 237 439 -479 409 227 -160 127 245 -5 375 72 9 -387 -153 139 -29 -395 -283 329 -457 35 86 74 -73 314 -86 -290 44 -56 108 22 -462 311 436 -272 370 -149 236 -106 -316 -332 441 -345 -22 -74 364 -103 275
