Multiple size <= 100
TEST 1 ARG:99 42 27 4 57 93 59 5 81 90 61 48 21 2 55 91 86 63 41 32 47 24 69 46 12 74 60 23 68 78 87 26 73 8 35 76 31 71 82 38 94 75 49 65 3 17 39 14 51 95 36 13 28 20 56 9 64 79 50 96 53 11 40 33 37 1 7 6 89 97 85 15 29 62 45 67 84 16 77 0 30 25 92 70 66 98 58 83 54 88 72 52 19 34 10 44 43 22 18 80
TEST 1 ARG:99 42 27 4 57 93 59 5 81 90 61 48 21 2 55 91 86 63 41 32 47 24 69 46 12 74 60 23 68 78 87 26 73 8 35 76 31 71 82 38 94 75 49 65 3 17 39 14 51 95 36 13 28 20 56 9 64 79 50 96 53 11 40 33 37 1 7 6 89 97 85 15 29 62 45 67 84 16 77 0 30 25 92 70 66 98 58 83 54 88 72 52 19 34 10 44 43 22 18 80
TEST 2 ARG:13 33 6 36 55 76 85 11 44 84 31 66 7 0 20 95 64 74 92 69 81 19 5 83 87 40 37 97 42 57 32 17 65 29 12 3 38 25 1 45 49 26 23 94 18 35 15 58 62 67 78 43 8 24 80 91 89 59 53 71 75 88 47 73 86 34 48 70 30 22 39 46 27 99 90 77 56 98 93 79 68 51 61 10 4 21 2 16 9 82 60 72 52 96 63 41 54 28 14 50
TEST 2 ARG:13 33 6 36 55 76 85 11 44 84 31 66 7 0 20 95 64 74 92 69 81 19 5 83 87 40 37 97 42 57 32 17 65 29 12 3 38 25 1 45 49 26 23 94 18 35 15 58 62 67 78 43 8 24 80 91 89 59 53 71 75 88 47 73 86 34 48 70 30 22 39 46 27 99 90 77 56 98 93 79 68 51 61 10 4 21 2 16 9 82 60 72 52 96 63 41 54 28 14 50
TEST 3 ARG:80 89 49 20 38 30 27 4 57 24 72 97 82 26 66 16 34 92 35 21 22 15 32 67 96 47 45 19 55 95 12 77 8 41 63 59 56 48 76 74 79 53 78 58 50 6 44 94 65 91 31 64 84 87 70 86 28 54 88 39 18 71 40 90 25 60 46 43 17 3 0 37 11 23 93 7 1 69 10 62 68 36 29 33 98 13 51 42 73 83 81 2 99 75 9 52 14 85 61 5
TEST 3 ARG:80 89 49 20 38 30 27 4 57 24 72 97 82 26 66 16 34 92 35 21 22 15 32 67 96 47 45 19 55 95 12 77 8 41 63 59 56 48 76 74 79 53 78 58 50 6 44 94 65 91 31 64 84 87 70 86 28 54 88 39 18 71 40 90 25 60 46 43 17 3 0 37 11 23 93 7 1 69 10 62 68 36 29 33 98 13 51 42 73 83 81 2 99 75 9 52 14 85 61 5
TEST 4 ARG:37 25 43 59 48 49 29 13 75 47 97 98 87 60 11 84 38 79 40 31 78 20 86 91 62 23 36 5 93 83 69 82 72 99 45 34 54 7 1 94 63 17 64 15 85 18 44 32 6 71 88 95 22 65 73 76 21 9 58 55 50 2 57 12 74 0 81 89 3 66 30 96 67 68 28 77 42 70 51 16 27 33 19 4 90 46 80 92 35 56 53 52 24 41 14 39 61 10 26 8
TEST 4 ARG:37 25 43 59 48 49 29 13 75 47 97 98 87 60 11 84 38 79 40 31 78 20 86 91 62 23 36 5 93 83 69 82 72 99 45 34 54 7 1 94 63 17 64 15 85 18 44 32 6 71 88 95 22 65 73 76 21 9 58 55 50 2 57 12 74 0 81 89 3 66 30 96 67 68 28 77 42 70 51 16 27 33 19 4 90 46 80 92 35 56 53 52 24 41 14 39 61 10 26 8
TEST 5 ARG:30 44 18 46 21 94 27 25 4 48 57 29 28 26 37 38 97 85 15 68 22 72 16 11 67 86 92 0 50 42 81 20 14 88 75 80 12 39 84 51 34 98 74 10 71 2 41 90 59 70 3 82 66 77 23 69 55 79 56 89 6 61 31 47 8 73 52 36 7 45 54 17 60 1 13 62 24 64 49 76 40 53 78 63 91 9 43 99 32 5 19 58 35 33 95 65 93 83 87 96
TEST 5 ARG:30 44 18 46 21 94 27 25 4 48 57 29 28 26 37 38 97 85 15 68 22 72 16 11 67 86 92 0 50 42 81 20 14 88 75 80 12 39 84 51 34 98 74 10 71 2 41 90 59 70 3 82 66 77 23 69 55 79 56 89 6 61 31 47 8 73 52 36 7 45 54 17 60 1 13 62 24 64 49 76 40 53 78 63 91 9 43 99 32 5 19 58 35 33 95 65 93 83 87 96
TEST 6 ARG:88 23 29 65 35 9 26 75 36 2 91 1 74 77 57 53 78 15 5 11 17 85 73 96 54 76 48 82 45 92 67 58 0 94 20 97 72 86 70 81 80 7 19 89 31 62 14 38 99 46 64 52 66 18 50 90 63 22 60 71 93 98 61 59 95 24 83 87 37 40 56 4 51 12 13 10 28 25 41 16 47 27 8 39 68 44 42 55 3 33 30 84 49 34 69 6 21 79 43 32
TEST 6 ARG:88 23 29 65 35 9 26 75 36 2 91 1 74 77 57 53 78 15 5 11 17 85 73 96 54 76 48 82 45 92 67 58 0 94 20 97 72 86 70 81 80 7 19 89 31 62 14 38 99 46 64 52 66 18 50 90 63 22 60 71 93 98 61 59 95 24 83 87 37 40 56 4 51 12 13 10 28 25 41 16 47 27 8 39 68 44 42 55 3 33 30 84 49 34 69 6 21 79 43 32
TEST 7 ARG:76 56 98 59 29 72 39 68 51 84 41 96 64 22 52 78 86 47 4 97 95 14 43 49 82 30 91 70 40 32 8 21 87 7 11 20 62 2 34 31 27 89 55 45 5 0 17 6 19 33 1 16 71 73 60 77 37 81 12 54 66 79 99 38 48 75 18 15 46 88 42 74 93 9 25 23 63 3 94 80 26 35 69 58 65 13 53 44 36 28 10 24 92 90 83 57 61 50 67 85
TEST 7 ARG:76 56 98 59 29 72 39 68 51 84 41 96 64 22 52 78 86 47 4 97 95 14 43 49 82 30 91 70 40 32 8 21 87 7 11 20 62 2 34 31 27 89 55 45 5 0 17 6 19 33 1 16 71 73 60 77 37 81 12 54 66 79 99 38 48 75 18 15 46 88 42 74 93 9 25 23 63 3 94 80 26 35 69 58 65 13 53 44 36 28 10 24 92 90 83 57 61 50 67 85
TEST 8 ARG:17 52 77 10 91 92 79 6 97 27 11 43 34 15 50 85 47 39 83 95 24 20 94 32 48 1 89 78 90 72 41 38 2 66 28 14 33 9 44 21 23 55 65 46 7 51 58 98 74 29 8 49 70 99 16 12 63 73 25 57 22 81 64 88 84 18 45 42 3 80 54 69 62 35 96 86 82 60 5 37 4 61 93 76 0 31 26 56 36 68 75 40 53 87 30 19 71 59 67 13
TEST 8 ARG:17 52 77 10 91 92 79 6 97 27 11 43 34 15 50 85 47 39 83 95 24 20 94 32 48 1 89 78 90 72 41 38 2 66 28 14 33 9 44 21 23 55 65 46 7 51 58 98 74 29 8 49 70 99 16 12 63 73 25 57 22 81 64 88 84 18 45 42 3 80 54 69 62 35 96 86 82 60 5 37 4 61 93 76 0 31 26 56 36 68 75 40 53 87 30 19 71 59 67 13
TEST 9 ARG:37 35 22 15 85 51 5 25 75 66 42 54 97 98 20 18 32 74 36 14 38 46 88 67 78 64 91 29 61 3 11 19 58 70 84 56 27 68 12 23 81 65 69 77 26 50 17 72 96 87 86 71 34 10 49 0 7 21 57 47 2 40 28 80 43 44 8 63 93 45 6 83 95 55 13 9 24 89 48 62 90 99 53 76 41 94 73 31 92 16 52 39 4 30 60 59 33 82 1 79
TEST 9 ARG:37 35 22 15 85 51 5 25 75 66 42 54 97 98 20 18 32 74 36 14 38 46 88 67 78 64 91 29 61 3 11 19 58 70 84 56 27 68 12 23 81 65 69 77 26 50 17 72 96 87 86 71 34 10 49 0 7 21 57 47 2 40 28 80 43 44 8 63 93 45 6 83 95 55 13 9 24 89 48 62 90 99 53 76 41 94 73 31 92 16 52 39 4 30 60 59 33 82 1 79
TEST 10 ARG:65 96 40 5 31 39 75 57 43 68 19 48 33 77 7 11 51 29 66 94 91 44 79 15 82 3 13 58 35 81 87 20 24 16 76 99 53 14 90 85 23 32 8 46 17 49 42 26 18 45 62 6 50 61 83 34 54 37 2 70 10 63 30 47 88 73 38 72 98 95 4 36 56 55 93 71 12 69 52 92 86 22 89 27 64 21 9 80 1 84 41 28 78 97 74 60 25 0 59 67
TEST 10 ARG:65 96 40 5 31 39 75 57 43 68 19 48 33 77 7 11 51 29 66 94 91 44 79 15 82 3 13 58 35 81 87 20 24 16 76 99 53 14 90 85 23 32 8 46 17 49 42 26 18 45 62 6 50 61 83 34 54 37 2 70 10 63 30 47 88 73 38 72 98 95 4 36 56 55 93 71 12 69 52 92 86 22 89 27 64 21 9 80 1 84 41 28 78 97 74 60 25 0 59 67
TEST 11 ARG:3 77 48 79 24 2 96 72 80 44 41 20 56 74 86 55 73 36 98 43 35 45 40 78 10 57 65 17 95 26 51 54 66 46 49 9 32 8 92 61 29 22 31 75 59 52 27 11 13 85 0 68 34 69 63 91 33 6 7 23 25 60 71 42 90 87 99 14 70 81 12 16 84 1 93 62 64 58 76 5 19 38 15 28 50 83 97 18 82 94 21 4 67 30 89 37 47 88 39 53
TEST 11 ARG:3 77 48 79 24 2 96 72 80 44 41 20 56 74 86 55 73 36 98 43 35 45 40 78 10 57 65 17 95 26 51 54 66 46 49 9 32 8 92 61 29 22 31 75 59 52 27 11 13 85 0 68 34 69 63 91 33 6 7 23 25 60 71 42 90 87 99 14 70 81 12 16 84 1 93 62 64 58 76 5 19 38 15 28 50 83 97 18 82 94 21 4 67 30 89 37 47 88 39 53
TEST 12 ARG:3 25 86 52 94 65 74 93 56 46 67 16 48 23 4 91 22 87 20 6 44 70 17 47 51 41 77 9 57 24 36 81 63 97 30 12 1 19 98 73 78 45 27 55 40 61 15 71 88 76 43 60 58 11 31 85 66 37 64 59 26 10 82 39 8 18 28 38 90 2 35 34 54 84 99 7 62 72 89 29 79 75 0 83 53 50 80 96 14 33 69 68 42 49 21 92 5 95 13 32
TEST 12 ARG:3 25 86 52 94 65 74 93 56 46 67 16 48 23 4 91 22 87 20 6 44 70 17 47 51 41 77 9 57 24 36 81 63 97 30 12 1 19 98 73 78 45 27 55 40 61 15 71 88 76 43 60 58 11 31 85 66 37 64 59 26 10 82 39 8 18 28 38 90 2 35 34 54 84 99 7 62 72 89 29 79 75 0 83 53 50 80 96 14 33 69 68 42 49 21 92 5 95 13 32
TEST 13 ARG:83 44 33 68 70 76 88 34 5 38 52 15 21 86 54 72 23 98 55 26 79 45 2 19 3 58 25 14 60 51 66 7 12 91 99 90 77 6 42 31 47 16 28 40 82 10 32 22 78 43 96 89 92 4 9 48 50 53 49 59 0 11 69 64 85 20 36 46 94 61 1 17 93 56 97 84 13 37 24 87 57 95 35 29 39 63 75 73 67 18 8 62 30 27 81 65 74 71 80 41
TEST 13 ARG:83 44 33 68 70 76 88 34 5 38 52 15 21 86 54 72 23 98 55 26 79 45 2 19 3 58 25 14 60 51 66 7 12 91 99 90 77 6 42 31 47 16 28 40 82 10 32 22 78 43 96 89 92 4 9 48 50 53 49 59 0 11 69 64 85 20 36 46 94 61 1 17 93 56 97 84 13 37 24 87 57 95 35 29 39 63 75 73 67 18 8 62 30 27 81 65 74 71 80 41
TEST 14 ARG:55 0 34 16 7 35 1 53 69 30 54 13 41 87 4 32 12 6 24 2 50 5 57 51 23 21 48 37 86 79 92 85 9 99 65 66 84 98 63 70 64 81 52 60 44 18 91 36 19 31 83 22 89 42 38 28 82 71 61 49 88 72 59 25 47 78 3 75 39 97 56 67 29 40 94 96 62 43 15 93 58 45 95 26 80 11 68 17 73 8 14 33 10 90 74 77 27 76 20 46
TEST 14 ARG:55 0 34 16 7 35 1 53 69 30 54 13 41 87 4 32 12 6 24 2 50 5 57 51 23 21 48 37 86 79 92 85 9 99 65 66 84 98 63 70 64 81 52 60 44 18 91 36 19 31 83 22 89 42 38 28 82 71 61 49 88 72 59 25 47 78 3 75 39 97 56 67 29 40 94 96 62 43 15 93 58 45 95 26 80 11 68 17 73 8 14 33 10 90 74 77 27 76 20 46
TEST 15 ARG:28 16 25 63 47 56 39 17 43 93 55 90 32 61 15 72 6 85 40 83 5 52 95 31 58 10 65 70 12 44 74 38 51 37 20 62 0 9 21 14 30 7 11 77 49 76 18 82 99 46 29 2 67 66 89 45 78 64 36 54 53 19 96 84 98 88 41 1 8 48 22 87 23 27 57 81 91 34 4 50 80 33 59 75 68 79 69 71 26 73 13 24 60 86 92 97 94 3 35 42
TEST 15 ARG:28 16 25 63 47 56 39 17 43 93 55 90 32 61 15 72 6 85 40 83 5 52 95 31 58 10 65 70 12 44 74 38 51 37 20 62 0 9 21 14 30 7 11 77 49 76 18 82 99 46 29 2 67 66 89 45 78 64 36 54 53 19 96 84 98 88 41 1 8 48 22 87 23 27 57 81 91 34 4 50 80 33 59 75 68 79 69 71 26 73 13 24 60 86 92 97 94 3 35 42
TEST 16 ARG:3 10 47 5 83 59 84 0 69 99 8 97 58 56 28 67 35 53 52 39 38 36 32 17 91 93 48 21 7 81 4 44 64 98 6 77 19 9 75 34 68 60 13 87 74 25 51 11 12 72 82 89 15 63 18 92 2 20 62 24 76 29 57 14 54 55 86 40 65 85 78 71 50 94 27 42 79 1 80 23 41 46 33 96 22 95 43 73 88 49 90 16 37 66 45 30 70 31 26 61
TEST 16 ARG:3 10 47 5 83 59 84 0 69 99 8 97 58 56 28 67 35 53 52 39 38 36 32 17 91 93 48 21 7 81 4 44 64 98 6 77 19 9 75 34 68 60 13 87 74 25 51 11 12 72 82 89 15 63 18 92 2 20 62 24 76 29 57 14 54 55 86 40 65 85 78 71 50 94 27 42 79 1 80 23 41 46 33 96 22 95 43 73 88 49 90 16 37 66 45 30 70 31 26 61
